#=================================================================================================
# Title: Diffuser-assisted Photometric Follow-up Observations of the Neptune-sized planets K2-28b and K2-100b
# Authors: Stefansson et al. 2018
#=================================================================================================
# Columns:
# BJD_TDB                  - Barycentric Julian Day (BJD) (unit: d)
# rel_flux                 - Relative flux of the target star (unit: -)
# rel_flux_err             - Uncertainty in the relative flux of the target star (unit: -)
# model_time               - Model BJD_TDB axis (unit: d)
# model_flux               - Best-fit model flux (unit: -)
# residual                 - Residuals from best-fit transit fit (unit: -)
#=================================================================================================
# Notes: Diffuser-assisted observations of the transit of K2-100b with the 3.5m Telescope at
# Apache Point Observatory
#=================================================================================================
BJD_TDB	model_flux	model_time	rel_flux	rel_flux_err	residual
2457828.621944	1.0	2457828.621944	0.9999453331119916	0.00059029564571772	-5.466688800837005e-05
2457828.622137	1.0	2457828.622137	0.9997017581024094	0.0005896898614015878	-0.0002982418975907564
2457828.622329	1.0	2457828.622329	0.9995783345416088	0.0005899059763202593	-0.0004216654583912849
2457828.62252	1.0	2457828.62252	1.0010983079637812	0.0005897262527090237	0.0010983079637811868
2457828.622713	1.0	2457828.622713	0.9998577023493668	0.0005890850890063156	-0.00014229765063333846
2457828.622905	1.0	2457828.622905	0.9995078088221521	0.0005897188279853268	-0.0004921911778479338
2457828.623099	1.0	2457828.623099	1.0000418005186404	0.0005895729825099647	4.180051864044465e-05
2457828.62329	1.0	2457828.62329	0.9997100010620832	0.0005894090914216376	-0.0002899989379168133
2457828.623482	1.0	2457828.623482	1.0002175469178705	0.0005898747138494202	0.00021754691787045918
2457828.623674	1.0	2457828.623674	0.9990950933645228	0.0005898304578522063	-0.0009049066354771539
2457828.623866	1.0	2457828.623866	0.9997154743527656	0.0005890492230511363	-0.0002845256472345792
2457828.624057	1.0	2457828.624057	1.0000139061764868	0.000589805776976851	1.3906176486777609e-05
2457828.624249	1.0	2457828.624249	0.9996918024872468	0.0005904906447787593	-0.0003081975127532388
2457828.624441	1.0	2457828.624441	1.0005925458453648	0.000590799673298981	0.0005925458453648336
2457828.624633	1.0	2457828.624633	0.9999679536582184	0.0005893441705397072	-3.2046341781777336e-05
2457828.624824	1.0	2457828.624824	0.9991064037155409	0.0005887298059275192	-0.0008935962844589529
2457828.625016	1.0	2457828.625016	1.0007884091542856	0.0005880567269621969	0.0007884091542855742
2457828.625208	1.0	2457828.625208	1.000738568652909	0.0005886431388354762	0.0007385686529091108
2457828.6254	1.0	2457828.6254	1.00016813425125	0.0005889387507589069	0.00016813425125006276
2457828.625592	1.0	2457828.625592	1.0002055166740689	0.0005896359831745766	0.00020551667406865093
2457828.625784	1.0	2457828.625784	0.9997929169880732	0.0005895154753367271	-0.00020708301192695624
2457828.625975	1.0	2457828.625975	1.00028421957555	0.0005897383514999353	0.00028421957555013755
2457828.626167	1.0	2457828.626167	1.000583378551692	0.0005895885932144941	0.0005833785516919933
2457828.626359	1.0	2457828.626359	0.9994022411980636	0.0005890300102971383	-0.0005977588019363544
2457828.62655	1.0	2457828.62655	0.9989971512448902	0.0005889481098944822	-0.0010028487551096976
2457828.626742	1.0	2457828.626742	0.99955093558768	0.0005911951333045795	-0.000449064412320066
2457828.626937	1.0	2457828.626937	0.9999886612128585	0.0005889918978917968	-1.1338787141434993e-05
2457828.62713	1.0	2457828.62713	0.9996359389589556	0.000590044017376164	-0.0003640610410442502
2457828.627323	1.0	2457828.627323	0.9996182554173321	0.0005890738452129326	-0.00038174458266815314
2457828.6275150003	1.0	2457828.6275150003	1.0002925300466698	0.0005911812778889332	0.0002925300466698477
2457828.627708	1.0	2457828.627708	1.0008624682336604	0.0005895239691129332	0.0008624682336604295
2457828.6279	1.0	2457828.6279	0.9996959050391268	0.0005880822753922793	-0.00030409496087324683
2457828.628092	1.0	2457828.628092	1.0001316724537463	0.0005910641454825982	0.0001316724537463454
2457828.628283	1.0	2457828.628283	1.0000475796007688	0.0005877711745546564	4.757960076884338e-05
2457828.628475	1.0	2457828.628475	1.0001592762051394	0.0005854759801532742	0.00015927620513944696
2457828.628667	1.0	2457828.628667	0.9998012118135284	0.0005867755595877017	-0.0001987881864715657
2457828.628859	1.0	2457828.628859	1.0003578211269464	0.0005847928639128994	0.00035782112694637824
2457828.629051	1.0	2457828.629051	1.0011569690925572	0.0005834501068408865	0.0011569690925572473
2457828.629434	1.0	2457828.629434	0.999505922700104	0.0005836790354392613	-0.0004940772998960341
2457828.629818	1.0	2457828.629818	1.0005290674865348	0.0005839660854547963	0.0005290674865348066
2457828.630009	1.0	2457828.630009	0.9998294267644151	0.0005825770384495201	-0.00017057323558500315
2457828.630201	1.0	2457828.630201	1.000006957335403	0.0005813494720959152	6.957335402679732e-06
2457828.630393	1.0	2457828.630393	1.0002637256001154	0.0005800313366875839	0.00026372560011544977
2457828.630588	1.0	2457828.630588	0.9993906537725252	0.0005787222426662987	-0.0006093462274749939
2457828.630781	1.0	2457828.630781	0.9994629200809048	0.0005770977449387153	-0.0005370799190951292
2457828.6309720003	1.0	2457828.6309720003	1.0003090914526651	0.0005778812711165276	0.0003090914526653332
2457828.631165	1.0	2457828.631165	0.9990285085741216	0.0005761206382855977	-0.00097149142587849
2457828.631357	1.0	2457828.631357	1.0001898002307281	0.0005758092060250113	0.00018980023072789895
2457828.631564	1.0	2457828.631564	1.0007173156193645	0.0005759537019296838	0.0007173156193642782
2457828.631755	1.0	2457828.631755	0.9991145782241602	0.0005751080555547633	-0.0008854217758398342
2457828.631947	1.0	2457828.631947	0.9984583189587066	0.0005746026257794997	-0.0015416810412932636
2457828.632139	1.0	2457828.632139	0.9991645389716076	0.0005750501144418407	-0.0008354610283922702
2457828.632336	1.0	2457828.632336	1.0009250723884	0.0005756663140632624	0.0009250723884000057
2457828.632528	1.0	2457828.632528	1.0000466297391268	0.0005756788228694598	4.662973912683554e-05
2457828.632721	1.0	2457828.632721	0.9996444961990508	0.0005751554567333527	-0.00035550380094928613
2457828.632913	1.0	2457828.632913	0.999453458728116	0.0005746582690246396	-0.0005465412718841378
2457828.633104	1.0	2457828.633104	1.0002695916021307	0.0005746218572786028	0.0002695916021306921
2457828.633297	1.0	2457828.633297	1.000566671122188	0.0005752835602553115	0.0005666711221878894
2457828.633488	1.0	2457828.633488	1.0008864159641322	0.0005756777599459619	0.0008864159641319703
2457828.63368	1.0	2457828.63368	0.999906471501397	0.0005759378785482781	-9.35284986030016e-05
2457828.633874	1.0	2457828.633874	0.9996953749183178	0.0005757178265430532	-0.0003046250816820528
2457828.634066	1.0	2457828.634066	1.0011423937159645	0.0005756178723963192	0.0011423937159644735
2457828.634258	1.0	2457828.634258	1.00038663044899	0.0005748777426139273	0.00038663044899012183
2457828.63445	1.0	2457828.63445	1.0002786698916213	0.0005745292192237679	0.00027866989162128597
2457828.634832	1.0	2457828.634832	1.000334041583407	0.0005747516582200211	0.00033404158340699647
2457828.635025	1.0	2457828.635025	1.0002354629670425	0.0005752865005343602	0.00023546296704246567
2457828.635408	1.0	2457828.635408	0.9999534995831596	0.0005732131998978936	-4.650041684040041e-05
2457828.635601	1.0	2457828.635601	1.0005949110506096	0.0005725933422144813	0.0005949110506096034
2457828.635793	1.0	2457828.635793	1.0006585814376354	0.0005723079997035169	0.0006585814376354192
2457828.635985	1.0	2457828.635985	1.0000980493546303	0.0005720649466938157	9.80493546305361e-05
2457828.636177	1.0	2457828.636177	1.0002938620436073	0.0005715197823749301	0.0002938620436072625
2457828.63637	1.0	2457828.63637	1.0000757424838915	0.0005713856205209803	7.574248389152771e-05
2457828.636562	1.0	2457828.636562	1.0004138355734196	0.000571035755348979	0.0004138355734195631
2457828.636754	1.0	2457828.636754	1.0001705401909853	0.0005707602838875157	0.00017054019098527995
2457828.636946	1.0	2457828.636946	1.0008109387145114	0.0005705716198111308	0.0008109387145114332
2457828.637138	1.0	2457828.637138	0.999626788048282	0.0005696042584796518	-0.0003732119517181332
2457828.637329	1.0	2457828.637329	1.0006392177879897	0.0005699155108395147	0.0006392177879894767
2457828.6375220004	1.0	2457828.6375220004	1.0000906717097855	0.0005698431765428702	9.067170978549477e-05
2457828.637714	1.0	2457828.637714	1.0000817159084352	0.0005693776900151251	8.171590843519816e-05
2457828.637905	1.0	2457828.637905	1.0000568430238483	0.0005693082130536864	5.684302384834085e-05
2457828.6380970003	1.0	2457828.6380970003	0.9997283105182776	0.0005690580266494041	-0.00027168948172229257
2457828.638289	1.0	2457828.638289	1.0001804318285683	0.0005690251095287925	0.000180431828568528
2457828.638481	1.0	2457828.638481	0.9992323458110416	0.0005686015231262338	-0.000767654188958522
2457828.638673	1.0	2457828.638673	0.9996418330456036	0.0005688924230361204	-0.0003581669543963884
2457828.6390580004	1.0	2457828.6390580004	1.000471083161518	0.0005694629406686313	0.0004710831615180045
2457828.63925	1.0	2457828.63925	0.9995802330177249	0.0005689423705798702	-0.00041976698227497167
2457828.639442	1.0	2457828.639442	0.9993325277102127	0.0005692376467141992	-0.0006674722897872519
2457828.639634	1.0	2457828.639634	0.9999653028999884	0.000568663032681696	-3.469710001158255e-05
2457828.639829	1.0	2457828.639829	1.0007732698103111	0.0005691884203660204	0.0007732698103111169
2457828.640021	1.0	2457828.640021	0.9995522363840204	0.0005692930322535883	-0.0004477636159796461
2457828.640213	1.0	2457828.640213	0.9998023599679844	0.0005689338118226349	-0.0001976400320153893
2457828.640406	1.0	2457828.640406	0.999685328888534	0.0005682670094565122	-0.00031467111146588067
2457828.6405970003	1.0	2457828.6405970003	1.000195973038178	0.0005682507490999876	0.00019597303817797676
2457828.640789	1.0	2457828.640789	0.99985840062242	0.0005681610715349688	-0.00014159937757995958
2457828.640981	1.0	2457828.640981	1.000431102252346	0.0005683067819633275	0.000431102252345994
2457828.641173	1.0	2457828.641173	1.0003361320710724	0.0005681962727645787	0.0003361320710724147
2457828.641365	1.0	2457828.641365	1.0002661052306163	0.0005679052008922038	0.0002661052306165424
2457828.641557	1.0	2457828.641557	0.9984612185415974	0.0005664665921831019	-0.0015387814584025827
2457828.64175	1.0	2457828.64175	0.9996086364179844	0.0005667791611770709	-0.00039136358201541377
2457828.641941	1.0	2457828.641941	0.9999498190157008	0.0005665386574188987	-5.0180984299208475e-05
2457828.642134	1.0	2457828.642134	0.9986163798989004	0.0005658569607553637	-0.001383620101099603
2457828.642325	1.0	2457828.642325	1.0002051211158651	0.0005660731440957101	0.00020512111586534762
2457828.642517	1.0	2457828.642517	1.0012380223124302	0.0005668351918542932	0.0012380223124301981
2457828.642709	1.0	2457828.642709	0.9998199458183308	0.000566353575950845	-0.00018005418166944231
2457828.6429	1.0	2457828.6429	1.0010689277062077	0.0005663801572820844	0.0010689277062074787
2457828.643092	1.0	2457828.643092	1.0009122524316336	0.0005657991918916889	0.0009122524316336199
2457828.643284	1.0	2457828.643284	1.0006939890058553	0.0005657801784476259	0.0006939890058552668
2457828.643477	1.0	2457828.643477	0.9991381614664276	0.0005651753467059237	-0.0008618385335725787
2457828.643668	1.0	2457828.643668	1.0004630420933536	0.0005655723884917374	0.00046304209335357166
2457828.64386	1.0	2457828.64386	1.001171475196044	0.0005658783151483753	0.0011714751960441028
2457828.6440520003	1.0	2457828.6440520003	0.9998891967972716	0.0005652309919954359	-0.00011080320272838227
2457828.644244	1.0	2457828.644244	1.000308214897084	0.0005651227808295693	0.0003082148970838805
2457828.644436	1.0	2457828.644436	1.0011231296868597	0.0005653074995716112	0.0011231296868596807
2457828.644628	1.0	2457828.644628	1.000095770652491	0.0005645730978766314	9.577065249066764e-05
2457828.64482	1.0	2457828.64482	1.0004030857631734	0.0005643180409260003	0.0004030857631733831
2457828.645012	1.0	2457828.645012	0.9997856263928748	0.0005639531202180287	-0.00021437360712517342
2457828.645204	1.0	2457828.645204	1.000267458810899	0.000564018996151169	0.0002674588108990683
2457828.645397	1.0	2457828.645397	1.0012767645375962	0.0005641831040908008	0.0012767645375961756
2457828.6455880003	1.0	2457828.6455880003	1.0010157127096215	0.0005641009437509707	0.0010157127096215304
2457828.64578	1.0	2457828.64578	1.0002715073615471	0.0005637461082994653	0.0002715073615469077
2457828.645972	1.0	2457828.645972	1.000593090125911	0.0005637577447360178	0.0005930901259110223
2457828.646164	1.0	2457828.646164	1.001134754371066	0.0005638342523288628	0.0011347543710660268
2457828.646356	1.0	2457828.646356	1.0012068692291345	0.0005638803660483903	0.0012068692291342664
2457828.64655	1.0	2457828.64655	1.0007936973296276	0.0005636793383970978	0.0007936973296276406
2457828.646742	1.0	2457828.646742	0.9997461011155406	0.0005630984331563811	-0.0002538988844593693
2457828.646934	1.0	2457828.646934	1.0001066887464245	0.0005632325130867562	0.0001066887464244992
2457828.647126	1.0	2457828.647126	1.0007737767479656	0.0005634835152549219	0.0007737767479656378
2457828.647318	1.0	2457828.647318	0.9996390700426993	0.0005629547208648193	-0.0003609299573006375
2457828.64751	1.0	2457828.64751	1.0008970414933618	0.0005631552227893065	0.0008970414933617832
2457828.647702	1.0	2457828.647702	1.0010123013273078	0.0005632212569080347	0.0010123013273077852
2457828.647894	1.0	2457828.647894	0.9992758206302984	0.0005626286391630022	-0.0007241793697017053
2457828.648086	1.0	2457828.648086	1.000346530844041	0.0005632263875646812	0.0003465308440409043
2457828.648278	1.0	2457828.648278	1.0000892309512572	0.0005631604094285183	8.923095125723535e-05
2457828.64847	1.0	2457828.64847	0.99938629914782	0.0005632228175515419	-0.0006137008521798215
2457828.648662	1.0	2457828.648662	0.9998936411826208	0.0005633629480509332	-0.00010635881737930396
2457828.648854	1.0	2457828.648854	1.0002068869619305	0.0005633828276792298	0.0002068869619302749
2457828.64905	1.0	2457828.64905	1.0002313527438829	0.0005639324019159575	0.0002313527438828622
2457828.649242	1.0	2457828.649242	0.9987591805871168	0.0005634384189998912	-0.0012408194128830097
2457828.649434	1.0	2457828.649434	0.9987963498628254	0.0005637305498091445	-0.0012036501371746056
2457828.649626	1.0	2457828.649626	1.0004851030563946	0.0005642213610634242	0.00048510305639459794
2457828.649818	1.0	2457828.649818	1.0002754664619629	0.0005649123235062785	0.00027546646196285884
2457828.65001	1.0	2457828.65001	0.9998061192892198	0.0005646312163424545	-0.0001938807107801921
2457828.650202	1.0	2457828.650202	1.0006747307681731	0.0005647768548489241	0.0006747307681731486
2457828.650586	1.0	2457828.650586	1.0000820693933654	0.0005638887399395925	8.206939336541375e-05
2457828.650778	1.0	2457828.650778	1.000173797285982	0.000563457633122945	0.00017379728598188038
2457828.6509700003	1.0	2457828.6509700003	1.0004132068106504	0.0005642182295921878	0.00041320681065037945
2457828.651162	1.0	2457828.651162	0.9992572656473296	0.0005643443629716989	-0.0007427343526704709
2457828.651354	1.0	2457828.651354	0.9993819339779009	0.0005638173407088954	-0.0006180660220991285
2457828.6515450003	1.0	2457828.6515450003	0.9993988667780656	0.0005639203330975465	-0.0006011332219344467
2457828.651743	1.0	2457828.651743	0.9997641616456722	0.0005639823831703742	-0.0002358383543279441
2457828.651942	1.0	2457828.651942	1.0001263603003177	0.0005641545831509791	0.00012636030031765166
2457828.652134	1.0	2457828.652134	1.0007110785749755	0.0005641368324669768	0.0007110785749755433
2457828.652519	1.0	2457828.652519	0.999912980733235	0.00056374069910818	-8.701926676502049e-05
2457828.6527110003	1.0	2457828.6527110003	0.9995634948249166	0.0005637822445801277	-0.0004365051750834237
2457828.652902	1.0	2457828.652902	0.9995367365652744	0.0005642794748780709	-0.0004632634347256914
2457828.653094	1.0	2457828.653094	1.0006286006897098	0.0005645153636118749	0.0006286006897098241
2457828.653286	1.0	2457828.653286	1.0000096624089645	0.000564853197993917	9.662408964494773e-06
2457828.653477	1.0	2457828.653477	0.999922286514452	0.0005648884990955112	-7.771348554785895e-05
2457828.653671	1.0	2457828.653671	0.9998140011494728	0.0005651225352700556	-0.00018599885052728027
2457828.653863	1.0	2457828.653863	0.9996828465932464	0.0005654504070102593	-0.0003171534067536453
2457828.654059	1.0	2457828.654059	0.999646452856022	0.0005647200189852793	-0.0003535471439781724
2457828.654251	1.0	2457828.654251	0.9981679410668376	0.0005637310062399682	-0.001832058933162295
2457828.654442	1.0	2457828.654442	1.0000574552370955	0.0005635466488452035	5.745523709554945e-05
2457828.654635	1.0	2457828.654635	0.9990550982600942	0.0005619694196758088	-0.0009449017399058012
2457828.654827	1.0	2457828.654827	0.9998357582840206	0.0005620568634321094	-0.00016424171597950732
2457828.655018	1.0	2457828.655018	1.000227475689278	0.0005617318576752082	0.000227475689277945
2457828.65521	1.0	2457828.65521	0.9997093613807134	0.0005611509497956301	-0.0002906386192866872
2457828.655405	1.0	2457828.655405	1.0005229807684914	0.0005612379257594854	0.0005229807684914434
2457828.655597	1.0	2457828.655597	0.9996749095502608	0.0005608545026489193	-0.00032509044973938467
2457828.655788	1.0	2457828.655788	1.000909768537136	0.0005613007510095246	0.0009097685371359797
2457828.655981	1.0	2457828.655981	1.0003661507486932	0.0005612150227853183	0.00036615074869317255
2457828.6561720003	1.0	2457828.6561720003	0.9994316866969974	0.0005606625488862367	-0.0005683133030025544
2457828.656364	1.0	2457828.656364	0.999508656686454	0.0005608183865497277	-0.0004913433135460553
2457828.656556	1.0	2457828.656556	1.000515794860956	0.0005610426822567859	0.000515794860955987
2457828.656748	1.0	2457828.656748	1.000761423732897	0.0005611279347974024	0.0007614237328970043
2457828.65694	1.0	2457828.65694	1.0002791452726922	0.0005607958959154157	0.0002791452726922383
2457828.657133	1.0	2457828.657133	1.0000603924080145	0.0005606497466587952	6.0392408014475756e-05
2457828.6573240003	1.0	2457828.6573240003	0.9996464928545636	0.0005604304157480061	-0.0003535071454363603
2457828.657517	1.0	2457828.657517	0.9994870509321896	0.0005606557978523027	-0.0005129490678104087
2457828.657709	1.0	2457828.657709	0.9999661157031584	0.0005611545504513977	-3.3884296841479866e-05
2457828.6579	1.0	2457828.6579	0.9996117161522712	0.0005611028561655035	-0.0003882838477287098
2457828.658094	1.0	2457828.658094	0.999496606873702	0.0005620995967861687	-0.0005033931262981016
2457828.658285	1.0	2457828.658285	0.9995942805598552	0.0005676999666835933	-0.00040571944014478056
2457828.658477	1.0	2457828.658477	0.9990653919577256	0.0005649802877154718	-0.0009346080422744095
2457828.6586700003	1.0	2457828.6586700003	0.9992241660539056	0.000570376561995834	-0.0007758339460944841
2457828.658862	1.0	2457828.658862	0.9997906788853544	0.0005697485945371973	-0.0002093211146456664
2457828.659053	1.0	2457828.659053	0.9994036145782558	0.000570746990740706	-0.0005963854217441168
2457828.659245	1.0	2457828.659245	1.0003184367659592	0.0005742054126170541	0.000318436765959218
2457828.659436	1.0	2457828.659436	0.9992764260666368	0.0005731172497068093	-0.0007235739333631973
2457828.659629	1.0	2457828.659629	0.9994088826298556	0.0005724716474458961	-0.0005911173701442786
2457828.659823	1.0	2457828.659823	0.9993611670931992	0.0005713830885726576	-0.0006388329068007793
2457828.660017	0.9999977292625808	2457828.660017	1.0007865451834463	0.0005730650607354309	0.0007888159208655487
2457828.6602080003	0.9999716475617928	2457828.6602080003	1.0003665609099142	0.0005706730663000804	0.00039491334812091766
2457828.660402	0.9999296657077064	2457828.660402	0.9992766108473456	0.0005666880050285537	-0.0006530548603607134
2457828.660594	0.9998779780204436	2457828.660594	1.0002031718417106	0.0005712460359731772	0.0003251938212669448
2457828.660785	0.9998194665256329	2457828.660785	0.9988281270784884	0.0005685769301205135	-0.0009913394471446901
2457828.660977	0.9997558032607644	2457828.660977	0.9996029237247718	0.0005708138958603338	-0.00015287953599241177
2457828.661169	0.9996893764578416	2457828.661169	0.999217961267675	0.0005738303680250657	-0.00047141519016646866
2457828.661361	0.9996223060799136	2457828.661361	0.9995445967666068	0.0005766967983778285	-7.770931330686182e-05
2457828.661555	0.9995562516898349	2457828.661555	0.9988084687773172	0.0005785684167812748	-0.0007477829125178692
2457828.661748	0.9994951185439108	2457828.661748	0.9995028068722618	0.0005831106755234036	7.688328350852203e-06
2457828.661941	0.9994427950844904	2457828.661941	0.9997014278224317	0.0005831752745161938	0.00025863273794146657
2457828.662132	0.9994108887427052	2457828.662132	1.0001197503170036	0.0005848731920324378	0.0007088615742982808
2457828.662324	0.9993954531027728	2457828.662324	0.9998887895273504	0.0005850038061602576	0.0004933364245776062
2457828.662516	0.999382083157208	2457828.662516	0.998606430596617	0.0005829746714112482	-0.0007756525605910891
2457828.6627080003	0.9993700721230568	2457828.6627080003	0.9975367857508348	0.0005882015356487122	-0.0018332863722220203
2457828.662899	0.9993591574714528	2457828.662899	0.9987965911754476	0.0005923039665056672	-0.0005625662960050404
2457828.663091	0.9993490285941629	2457828.663091	0.9990184373525274	0.0005929925572550364	-0.0003305912416355916
2457828.663284	0.9993395577935996	2457828.663284	0.999212561733782	0.0005946731841018956	-0.00012699605981769668
2457828.663476	0.999330738317958	2457828.663476	0.999654985329575	0.0005959877970010912	0.0003242470116170404
2457828.663668	0.999322439012702	2457828.663668	0.9992152997132958	0.0005900947077106982	-0.00010713929940586729
2457828.66386	0.9993145966901442	2457828.66386	0.9976619123635444	0.0005968552941122452	-0.001652684326599707
2457828.6640520003	0.9993071603685116	2457828.6640520003	1.0007485486078749	0.000589046646413037	0.0014413882393631285
2457828.664244	0.9993000883888968	2457828.664244	0.999639401142942	0.0005754655553635798	0.0003393127540453067
2457828.664436	0.999293345921002	2457828.664436	0.9974976443724872	0.0005724350968108838	-0.0017957015485149386
2457828.664628	0.9992869035824844	2457828.664628	0.9999494834659264	0.00057249286817333	0.0006625798834418718
2457828.66482	0.9992807362108072	2457828.66482	1.0001498425257789	0.0005705565621860854	0.0008691063149713907
2457828.665012	0.9992748220536508	2457828.665012	0.9993188862068246	0.0005701475895092675	4.406415317392831e-05
2457828.665204	0.9992691420661451	2457828.665204	0.9987960977681988	0.0005688223092815965	-0.00047304429794636777
2457828.665396	0.99926367958017	2457828.665396	0.9989373142657092	0.0005661860248704729	-0.0003263653144607304
2457828.6655880003	0.9992584197219077	2457828.6655880003	0.9985253722003391	0.0005685371589430793	-0.0007330475215685527
2457828.66578	0.9992533493262225	2457828.66578	0.9994858107031536	0.0005735990303233164	0.0002324613769312256
2457828.665972	0.9992484565051653	2457828.665972	0.9999057228027745	0.0005768387734022285	0.0006572662976090937
2457828.666166	0.9992436822078792	2457828.666166	0.9976116447228202	0.000584781461359887	-0.0016320374850590234
2457828.66636	0.9992390683621034	2457828.66636	0.9982537984257404	0.0005984268187889067	-0.0009852699363630537
2457828.666552	0.9992346511487004	2457828.666552	0.9987848534584854	0.0006077660633475765	-0.00044979769021491483
2457828.666743	0.9992303961658068	2457828.666743	0.9981911948573472	0.0006006623944589247	-0.0010392013084595806
2457828.666935	0.9992262515574176	2457828.666935	1.0011802003126051	0.0005991542267654238	0.0019539487551872847
2457828.667127	0.9992222332117152	2457828.667127	0.998643825494893	0.0005998913148657492	-0.0005784077168222713
2457828.667319	0.9992183349760899	2457828.667319	0.9998944999256564	0.000597953703381356	0.0006761649495663491
2457828.66751	0.9992145705209982	2457828.66751	0.9996514887974214	0.0005945167417576423	0.00043691827642322595
2457828.667702	0.9992108951763518	2457828.667702	0.9998420858337658	0.0005944186394783961	0.0006311906574140157
2457828.667895	0.9992073056965978	2457828.667895	0.9993038632060258	0.0005929895704483157	9.655750942827446e-05
2457828.668087	0.9992038346829356	2457828.668087	0.9987592777268058	0.0005885833330774487	-0.00044455695612988233
2457828.672703	0.9991422851727698	2457828.672703	0.99957472133466	0.0006135108877914473	0.00043243616189003736
2457828.672895	0.9991404032289822	2457828.672895	1.0008160555501435	0.0006072902804988869	0.0016756523211614027
2457828.673087	0.9991385623213151	2457828.673087	0.9985712796722924	0.0006004226914411203	-0.0005672826490226157
2457828.673284	0.9991367149872448	2457828.673284	1.0007974059813298	0.0005973393481764727	0.0016606909940851675
2457828.673478	0.9991349357853468	2457828.673478	0.999524633721658	0.0005955758138849706	0.0003896979363110509
2457828.673669	0.9991332218668856	2457828.673669	0.9983041252326172	0.0005905792981945165	-0.0008290966342685557
2457828.673863	0.9991315184004964	2457828.673863	0.9982110389117316	0.0005878544800344268	-0.0009204794887649471
2457828.674055	0.9991298686588452	2457828.674055	0.9993700569086376	0.0005871823133329191	0.00024018824979243905
2457828.674247	0.9991282539847024	2457828.674247	0.9989781252013664	0.0005893379168228179	-0.0001501287833360898
2457828.674439	0.9991266735221545	2457828.674439	0.9980251793766182	0.0005911904368523481	-0.0011014941455362859
2457828.674632	0.9991251184727136	2457828.674632	0.9980664924247366	0.0005925488132141178	-0.0010586260479771292
2457828.674823	0.9991236119474952	2457828.674823	0.9979040112682129	0.0005934374132137809	-0.0012196006792820624
2457828.675015	0.999122129266492	2457828.675015	0.9987880200488404	0.0005968558091924005	-0.00033410921765175683
2457828.675207	0.9991206776600268	2457828.675207	0.9978021010866512	0.0006019578571231929	-0.0013185765733753074
2457828.6753990003	0.9991192564004272	2457828.6753990003	0.9993323364094052	0.000607002299390135	0.00021308000897801715
2457828.67559	0.9991178719795508	2457828.67559	0.9984877808756324	0.0006058802280698709	-0.0006300911039187617
2457828.675974	0.9991151748252468	2457828.675974	0.9991111420424602	0.000604209921801499	-4.032782786711486e-06
2457828.676166	0.9991138681501948	2457828.676166	0.998551769080756	0.0006043821872755821	-0.0005620990694387151
2457828.6763580004	0.9991125885888852	2457828.6763580004	0.998115486961468	0.0006054645419272661	-0.000997101627417285
2457828.67655	0.9991113355691862	2457828.67655	0.998928838292688	0.0006006600733816557	-0.00018249727649832792
2457828.676742	0.9991101085162768	2457828.676742	1.0006421973174051	0.0005976413662215187	0.0015320888011279845
2457828.67751	0.999105449314114	2457828.67751	0.9981353257664276	0.0005964041141825875	-0.00097012354768633
2457828.677704	0.999104332847054	2457828.677704	1.0000859366599204	0.0005827855944674187	0.0009816038128663829
2457828.678087	0.9991021969691214	2457828.678087	0.9996877226596068	0.0005630309423912085	0.0005855256904855332
2457828.678279	0.9991011594604191	2457828.678279	0.9996856088307468	0.000560048508211605	0.0005844493703277552
2457828.678471	0.9991001435652832	2457828.678471	1.000592903243621	0.0005599488881793412	0.0014927596783378405
2457828.678665	0.9990991386195142	2457828.678665	0.9984287078014858	0.0005591130113920376	-0.0006704308180282004
2457828.678857	0.9990981649397944	2457828.678857	0.9999764234169932	0.0005601981616454722	0.0008782584771988011
2457828.679048	0.9990972165814184	2457828.679048	0.9994071430810024	0.0005604663886657463	0.0003099264995840567
2457828.67924	0.9990962832359916	2457828.67924	0.9986208122658456	0.0005603837285252613	-0.0004754709701459969
2457828.679432	0.999095369556612	2457828.679432	0.9994267928796412	0.0005608384941459098	0.0003314233230290453
2457828.679624	0.9990944751877976	2457828.679624	0.9978301713127978	0.0005604466986101385	-0.0012643038749997615
2457828.679816	0.9990935997843848	2457828.679816	0.9995425800924659	0.000561148938715158	0.00044898030808127043
2457828.680008	0.9990927430111848	2457828.680008	0.9999416832877096	0.0005614188774020741	0.0008489402765247122
2457828.6802	0.9990919045446719	2457828.6802	0.9999639673208638	0.0005616411205862132	0.0008720627761917843
2457828.680392	0.9990910840645816	2457828.680392	0.999482889316724	0.0005618779086423211	0.0003918052521423298
2457828.680584	0.9990902812658149	2457828.680584	0.9993179408430292	0.0005615202966982487	0.00022765957721426758
2457828.680776	0.9990894958499782	2457828.680776	0.9996577082603711	0.0005618108555971892	0.0005682124103929543
2457828.680968	0.9990887275271664	2457828.680968	0.9998414709642364	0.0005624531802759384	0.0007527434370699915
2457828.68116	0.9990879760175102	2457828.68116	0.9990449459733852	0.0005619730334555581	-4.303004412486988e-05
2457828.681352	0.9990872410419136	2457828.681352	0.9995720078188088	0.0005625494089261776	0.0004847667768950182
2457828.681544	0.999086522341568	2457828.681544	0.9987659345626028	0.000562307293138476	-0.0003205877789652645
2457828.681735	0.9990858232724262	2457828.681735	0.9989294328333644	0.0005626522882348061	-0.00015639043906179317
2457828.681927	0.9990851362627002	2457828.681927	0.9993681976370192	0.0005628365540750227	0.0002830613743189936
2457828.68212	0.999084461317749	2457828.68212	0.9991605652518972	0.0005629461409118567	7.610393414814176e-05
2457828.6823130003	0.9990838018118628	2457828.6823130003	0.9994735020253108	0.000562749917516708	0.00038970021344830735
2457828.682504	0.9990831641137441	2457828.682504	0.9989901009629668	0.0005626208355896948	-9.306315077706184e-05
2457828.682696	0.99908253786539	2457828.682696	0.9991545334480832	0.0005629603342426545	7.199558269321837e-05
2457828.682889	0.9990819230762832	2457828.682889	0.9999678430850204	0.0005632279510923784	0.0008859200087369957
2457828.68308	0.9990813289821762	2457828.68308	0.9996971304305188	0.0005633628803990647	0.0006158014483426122
2457828.683273	0.9990807429315992	2457828.683273	0.9987831326716784	0.0005634707585878433	-0.0002976102599209218
2457828.683465	0.9990801739473096	2457828.683465	0.9995940942090796	0.000563807968426203	0.0005139202617701066
2457828.683657	0.9990796187629304	2457828.683657	0.9994054714088138	0.0005640309382422433	0.0003258526458834732
2457828.683852	0.9990790688318884	2457828.683852	0.9986642251797914	0.0005640525821257911	-0.00041484365209698565
2457828.684045	0.9990785381787164	2457828.684045	0.9993824354427568	0.0005646885668652362	0.00030389726404056466
2457828.6842380003	0.9990780209095927	2457828.6842380003	0.9990704227228954	0.000565098642129108	-7.5981866973773285e-06
2457828.68443	0.9990775194308996	2457828.68443	0.999315913413198	0.0005655225633342468	0.0002383939822984127
2457828.684622	0.9990770308581752	2457828.684622	0.999084510242037	0.0005672377599788099	7.4793838619191524e-06
2457828.684814	0.999076555030728	2457828.684814	0.9995557874640996	0.0005695373198781122	0.0004792324333714459
2457828.685198	0.9990756409881286	2457828.685198	0.9994129627644108	0.0005804237824147624	0.0003373217762820957
2457828.68539	0.999075202472976	2457828.68539	0.998408403395148	0.0005846609513867479	-0.000666799077827962
2457828.685581	0.9990747782928838	2457828.685581	0.9997609260060086	0.0005864396338043107	0.0006861477131248073
2457828.685773	0.9990743638670234	2457828.685773	0.998939207503369	0.0005806896232348046	-0.00013515636365446504
2457828.685966	0.9990739592486444	2457828.685966	0.9984949574816894	0.0005802340487137855	-0.0005790017669550228
2457828.686158	0.999073568499148	2457828.686158	0.9989740347177228	0.0005780280768209455	-9.953378142535385e-05
2457828.68635	0.9990731893659214	2457828.68635	0.998856748910333	0.0005756862966579678	-0.00021644045558832925
2457828.686541	0.999072823612932	2457828.686541	0.9998931979380314	0.0005756593103637876	0.0008203743250995156
2457828.686733	0.9990724672922314	2457828.686733	0.9988665677331844	0.0005731546379420108	-0.00020589955904704027
2457828.686925	0.9990721222353616	2457828.686925	0.9988070699992702	0.0005729487847317954	-0.00026505223609152306
2457828.687117	0.9990717883333295	2457828.687117	0.9983726400943228	0.0005731741459267494	-0.0006991482390067416
2457828.687309	0.9990714654777966	2457828.687309	0.9986245931490856	0.0005729461126680063	-0.0004468723287108789
2457828.6875	0.9990711551657008	2457828.6875	0.999130698568336	0.0005742542240944719	5.95434026352537e-05
2457828.687692	0.9990708540487984	2457828.687692	0.9983437914272982	0.000574947681535022	-0.0007270626215001298
2457828.6878830004	0.9990705651678876	2457828.6878830004	0.999888077588106	0.00057704015420739	0.0008175124202183247
2457828.688075	0.9990702854107192	2457828.688075	0.999289401680716	0.0005796166688417035	0.00021911626999659983
2457828.688269	0.9990700134789088	2457828.688269	0.9994719381981252	0.0005815467372093106	0.0004019247192162956
2457828.688461	0.9990697548951296	2457828.688461	0.9985902643360974	0.0005850338479644478	-0.0004794905590320697
2457828.688653	0.9990695067209068	2457828.688653	0.9996624678498948	0.0005895012310614669	0.000592961128988212
2457828.688846	0.9990692676655996	2457828.688846	1.0000154731156932	0.0005900471654887924	0.0009462054500936068
2457828.689037	0.9990690412923178	2457828.689037	0.9989924330804596	0.0005921300565231545	-7.660821185806466e-05
2457828.689229	0.9990688238940192	2457828.689229	0.998501008540826	0.0005919944687471535	-0.0005678153531929464
2457828.689427	0.9990686103003684	2457828.689427	0.9994254985111144	0.000595277435886253	0.0003568882107459759
2457828.68962	0.9990684123916722	2457828.68962	0.9993569614812688	0.0005900666844929511	0.00028854908959663467
2457828.689819	0.9990682189024028	2457828.689819	0.998075267944292	0.0005915971859177932	-0.0009929509581110274
2457828.6900110003	0.9990680423334891	2457828.6900110003	0.9989599702361552	0.0005917600759153246	-0.00010807209733365576
2457828.690203	0.9990678756440848	2457828.690203	0.998972409430152	0.0005909255040515763	-9.54662139327489e-05
2457828.690397	0.9990677171992604	2457828.690397	0.9979165588289732	0.0005903731135338537	-0.0011511583702871198
2457828.690588	0.9990675709579138	2457828.690588	1.0003596655202145	0.0005912919794916874	0.0012920945623003945
2457828.69078	0.9990674336599542	2457828.69078	0.9991555915117679	0.0005899002178628469	8.81578518138193e-05
2457828.690972	0.9990673060535769	2457828.690972	0.9994423454040758	0.0005916035909603974	0.0003750393504989846
2457828.691165	0.9990671875108104	2457828.691165	0.9982611604542037	0.0005924827977947588	-0.0008060270566068173
2457828.691356	0.9990670797634388	2457828.691356	0.99915600923876	0.0005949620330421374	8.89294753213532e-05
2457828.691548	0.9990669810105464	2457828.691548	0.9993870609265941	0.0005972612954331263	0.0003200799160477663
2457828.69174	0.9990668918112801	2457828.69174	0.9989673163652868	0.0006031208884660841	-9.957544599314971e-05
2457828.691932	0.999066812138626	2457828.691932	1.0000064849800376	0.0006071582678038676	0.0009396728414116096
2457828.692123	0.9990667423087408	2457828.692123	0.9989998079840496	0.0006100851604197503	-6.69343246910703e-05
2457828.692315	0.9990666815695086	2457828.692315	1.0001235249845666	0.0006126578549212487	0.001056843415057962
2457828.692507	0.9990666302926828	2457828.692507	0.9977425933855608	0.0006072467492964178	-0.001324036907121906
2457828.692699	0.9990665884626636	2457828.692699	0.9999715214599316	0.0006071559577266497	0.0009049329972680152
2457828.6929	0.9990665547794952	2457828.6929	0.9984197690664224	0.0006038606535708923	-0.0006467857130729726
2457828.693091	0.9990665323423258	2457828.693091	0.998468223785474	0.0006043952098888372	-0.0005983085568517232
2457828.693283	0.9990665191801421	2457828.693283	0.9983529957457848	0.0006049029204490679	-0.0007135234343571549
2457828.69348	0.9990665154590896	2457828.69348	0.9982450635006356	0.0006009454200997693	-0.0008214519584539559
2457828.693671	0.9990665213117536	2457828.693671	0.9977669113415348	0.0006013000661780982	-0.0012996099702188289
2457828.6938630003	0.9990665365842732	2457828.6938630003	0.9981985950927382	0.0006023185294256456	-0.0008679414915350182
2457828.694056	0.999066561428313	2457828.694056	0.9987292761926336	0.000601718022625076	-0.00033728523567944085
2457828.694248	0.9990665955940498	2457828.694248	0.9990802158630904	0.0006032032499466101	1.3620269040726107e-05
2457828.69444	0.9990666391960412	2457828.69444	0.9986606619346909	0.0006037829542881461	-0.0004059772613500545
2457828.694632	0.9990666922474074	2457828.694632	0.9983812341973892	0.0006114453316349365	-0.0006854580500180728
2457828.6948240004	0.9990667547647094	2457828.6948240004	0.9998427142847024	0.0006167082085337949	0.0007759595199930969
2457828.695017	0.999066827166154	2457828.695017	0.9986535518929924	0.0006214400808710164	-0.00041327527316181717
2457828.695208	0.9990669082748036	2457828.695208	0.9990956498365144	0.0006330388590960992	2.8741561710621252e-05
2457828.6954	0.9990669993146872	2457828.6954	0.9984479334321892	0.000637527480043221	-0.0006190658824981599
2457828.695591	0.9990670993648788	2457828.695591	0.9989599805853674	0.0006386598385958669	-0.00010711877951152804
2457828.695783	0.9990672095038357	2457828.695783	1.000228549154507	0.0006363445682021614	0.0011613396506716669
2457828.695975	0.9990673292661704	2457828.695975	1.0005365886496331	0.0006318725241256581	0.001469259383462873
2457828.696167	0.9990674586881664	2457828.696167	0.9979718583107936	0.0006399647200034644	-0.0010956003773728849
2457828.696359	0.9990675978104026	2457828.696359	1.0002495287266475	0.0006485414123307224	0.0011819309162451885
2457828.701167	0.999074425773638	2457828.701167	1.0001088847984658	0.0006148939844043107	0.001034459024827683
2457828.701359	0.9990748420065568	2457828.701359	0.9991549256100476	0.000607504952356706	8.008360349054389e-05
2457828.701551	0.9990752702662338	2457828.701551	0.9986251159652092	0.0006060388138484568	-0.0004501543010245745
2457828.701742	0.9990757083689704	2457828.701742	0.9988731293029912	0.0006038420069512021	-0.00020257906597931366
2457828.701936	0.9990761658240594	2457828.701936	1.001120431656518	0.0006011765287816331	0.002044265832458314
2457828.702127	0.9990766286312665	2457828.702127	0.998257284053179	0.0005975393268351628	-0.0008193445780874108
2457828.702324	0.9990771190555904	2457828.702324	0.9987893276174789	0.0005982650150102692	-0.00028779143811163976
2457828.702516	0.9990776099701398	2457828.702516	0.9981840960706811	0.0005943365074627608	-0.0008935138994586868
2457828.7027080003	0.9990781138243822	2457828.7027080003	0.9982512580749864	0.0005898427596339446	-0.0008268557493958938
2457828.7029	0.999078630781232	2457828.7029	0.9986920237667408	0.0005866572971714496	-0.0003866070144912248
2457828.703092	0.9990791610173048	2457828.703092	0.998387635454908	0.0005811568812280878	-0.000691525562396933
2457828.703475	0.9990802591020944	2457828.703475	0.9983989267529236	0.0005763656089993902	-0.0006813323491707822
2457828.703668	0.9990808332014752	2457828.703668	0.9991819271480276	0.0005751555901235832	0.00010109394655244408
2457828.703861	0.9990814214689622	2457828.703861	0.9994002039424056	0.0005736508456949473	0.000318782473443302
2457828.704244	0.9990826316260892	2457828.704244	0.9994579676896156	0.0005730751125361281	0.00037533606352635474
2457828.7046290003	0.9990839068330364	2457828.7046290003	0.9999517738753096	0.0005727849188429807	0.0008678670422732626
2457828.704821	0.9990845653338912	2457828.704821	0.9992385513692964	0.0005724759762129642	0.00015398603540528466
2457828.705012	0.999085235603623	2457828.705012	0.9980835663746701	0.0005720180309461494	-0.0010016692289529503
2457828.705204	0.9990859248996948	2457828.705204	0.9989569466755944	0.0005723315946487426	-0.00012897822410062876
2457828.705399	0.9990866411368364	2457828.705399	0.9989156077408236	0.0005719240203827743	-0.00017103339601287626
2457828.705591	0.9990873625357138	2457828.705591	0.9997142641299376	0.0005723250608204277	0.0006269015942238497
2457828.705784	0.9990881041347204	2457828.705784	0.9995712948139966	0.000571991331892802	0.00048319067927626863
2457828.705976	0.9990888585190136	2457828.705976	0.9988985062726352	0.0005713442835374238	-0.00019035224637864442
2457828.706168	0.9990896297625492	2457828.706168	0.9991710648560538	0.0005714578744951622	8.143509350466704e-05
2457828.70636	0.999090418146464	2457828.70636	0.9995205617714052	0.0005715145437963911	0.00043014362494120384
2457828.7065520003	0.999091223967904	2457828.7065520003	0.9996083316797016	0.0005715907127395428	0.000517107711797471
2457828.706744	0.9990920475189328	2457828.706744	0.9985477086096466	0.0005711601022427268	-0.0005443389092860683
2457828.706935	0.9990928846825112	2457828.706935	0.9988585210544152	0.0005713012572377608	-0.00023436362809603486
2457828.707128	0.9990937490694151	2457828.707128	0.9998349520610827	0.0005717592385859243	0.0007412029916677997
2457828.70732	0.9990946277118518	2457828.70732	0.9989481496308582	0.0005714300309968112	-0.00014647808099355064
2457828.707512	0.9990955253783588	2457828.707512	0.9995383891543111	0.0005716324095595541	0.0004428637759524845
2457828.707703	0.9990964375876612	2457828.707703	0.9988165690228864	0.0005730721954298648	-0.0002798685647745769
2457828.707898	0.9990973890424808	2457828.707898	1.000553488381509	0.0005736881591334723	0.0014560993390284604
2457828.708091	0.9990983511550636	2457828.708091	0.9992778939129644	0.0005725824288000957	0.00017954275790077467
2457828.708283	0.9990993288155712	2457828.708283	0.9994413176935087	0.0005730979053262803	0.00034198887793768234
2457828.708475	0.9991003273483952	2457828.708475	0.9982583040784586	0.0005726153151622256	-0.0008420232699365425
2457828.708667	0.9991013471538228	2457828.708667	0.998152022521165	0.0005722022062681942	-0.0009493246326579553
2457828.709051	0.9991034522683829	2457828.709051	0.9988023850449964	0.0005721340911156197	-0.0003010672233865197
2457828.709244	0.999104544160132	2457828.709244	0.9992351008084966	0.0005721727792736438	0.0001305566483645881
2457828.709436	0.9991056534720004	2457828.709436	0.9995671230443264	0.0005726679215095269	0.00046146957232606756
2457828.709629	0.999106792234436	2457828.709629	0.9990000804885579	0.0005733996345668528	-0.00010671174587795207
2457828.709821	0.9991079491278624	2457828.709821	0.9985709929725048	0.0005732379422232277	-0.0005369561553577594
2457828.710014	0.9991091367176624	2457828.710014	0.9987048156612592	0.0005730040564911256	-0.00040432105640297866
2457828.710206	0.9991103432101708	2457828.710206	0.9997047513254204	0.000573147196433062	0.0005944081152498004
2457828.710397	0.9991115687439164	2457828.710397	0.9984439379038191	0.0005728120702878588	-0.0006676308400972443
2457828.7105900003	0.9991128333259742	2457828.7105900003	0.9999328938540168	0.0005736272793237214	0.00082006052804251
2457828.710782	0.9991141180662144	2457828.710782	0.998221367828234	0.0005732180601076812	-0.0008927502379802998
2457828.710973	0.9991154231412984	2457828.710973	0.9991047918275546	0.0005736782486639831	-1.063131374368087e-05
2457828.711167	0.9991167769167596	2457828.711167	0.9987843000009742	0.0005734596780299485	-0.00033247691578552896
2457828.71136	0.9991181525652704	2457828.71136	0.9988397046569768	0.0005730623164785702	-0.0002784479082934554
2457828.711552	0.9991195502890574	2457828.711552	0.9992556521968088	0.0005734142881378139	0.00013610190775126266
2457828.711749	0.9991210153947082	2457828.711749	0.9980918444527324	0.0005728157435180383	-0.001029170941975743
2457828.711941	0.9991224742273518	2457828.711941	0.9984452888297634	0.0005729083767836166	-0.0006771853975884312
2457828.712132	0.99912395645807	2457828.712132	0.997846113711427	0.0005727787054265999	-0.0012778427466431095
2457828.712324	0.9991254783573684	2457828.712324	0.9993089418242732	0.0005732272946858003	0.00018346346690478746
2457828.712517	0.99912704120417	2457828.712517	0.9996346114360276	0.0005733824955716229	0.0005075702318575459
2457828.71271	0.99912863797621	2457828.71271	0.9998566653703704	0.0005736695527536377	0.0007280273941604465
2457828.712901	0.9991302524378192	2457828.712901	0.9988174877426234	0.0005733351425045519	-0.00031276469519592176
2457828.713094	0.9991319192657164	2457828.713094	0.9995585192148464	0.0005736745158574549	0.0004265999491299688
2457828.713285	0.9991336048168092	2457828.713285	0.9998994856541056	0.0005739852245858428	0.000765880837296451
2457828.713477	0.9991353362108802	2457828.713477	0.999079945924418	0.0005739897431748169	-5.539028646217581e-05
2457828.71367	0.9991371150086736	2457828.71367	0.9993435727129558	0.0005741144930429892	0.00020645770428207036
2457828.713862	0.9991389237979824	2457828.713862	1.0003043061737824	0.0005744551823295477	0.0011653823757998838
2457828.714055	0.9991407824818052	2457828.714055	0.9994718656972328	0.0005743630121510338	0.000331083215427408
2457828.714249	0.9991426928189214	2457828.714249	0.9995905116729704	0.0005745370880506032	0.0004478188540488759
2457828.714443	0.9991446464632128	2457828.714443	0.9993218715365269	0.000574532199525011	0.00017722507331396908
2457828.714827	0.9991486460347644	2457828.714827	0.9990382911199368	0.0005744257446598838	-0.00011035491482769275
2457828.71502	0.9991507253188732	2457828.71502	1.0003463509259438	0.0005749530426866567	0.0011956256070705384
2457828.715212	0.9991528414888082	2457828.715212	0.9988199082278144	0.0005745382386485785	-0.00033293326099370635
2457828.715596	0.9991572221786184	2457828.715596	0.998268319725314	0.0005746529187276906	-0.0008889024533043078
2457828.715789	0.9991595016994173	2457828.715789	0.9993858710432968	0.0005752119988141867	0.00022636934387976207
2457828.715981	0.9991618231835792	2457828.715981	0.9985588763751908	0.0005749373785133634	-0.0006029468083884604
2457828.716173	0.9991642000203668	2457828.716173	0.9991914118704592	0.0005753703317885349	2.721185009257887e-05
2457828.716365	0.9991666340077012	2457828.716365	0.9990558300620298	0.0005754731226110571	-0.00011080394567153372
2457828.716557	0.999169127029086	2457828.716557	0.9989121072032202	0.0005755545987074941	-0.0002570198258659006
2457828.7167490004	0.9991716810908464	2457828.7167490004	0.9992584142480674	0.0005758621611317617	8.673315722085295e-05
2457828.71694	0.9991742844665028	2457828.71694	0.9987568433761084	0.0005756763862960867	-0.00041744109039443256
2457828.717132	0.9991769666199928	2457828.717132	0.9992541036559844	0.0005760087245441753	7.7137035991659e-05
2457828.717326	0.9991797454346352	2457828.717326	0.9986114685309968	0.000575805503436867	-0.000568276903638365
2457828.717518	0.9991825660916768	2457828.717518	0.99936038844663	0.0005762015490918997	0.00017782235495322762
2457828.71771	0.9991854594877784	2457828.71771	1.0003387395929983	0.000576990923397047	0.0011532801052200892
2457828.717903	0.9991884440453588	2457828.717903	0.9989880215462004	0.0005764689120561897	-0.00020042249915830368
2457828.718095	0.99919149178478	2457828.718095	0.9997566258742816	0.0005767259069962223	0.000565134089501651
2457828.718286	0.999194604567972	2457828.718286	0.9999066647669508	0.0005769433813822919	0.0007120601989788478
2457828.718479	0.9991978352408846	2457828.718479	0.9996907591609102	0.0005768783958172537	0.0004929239200256452
2457828.718671	0.9992011377975996	2457828.718671	1.000047741477744	0.0005771718807822688	0.0008466036801443312
2457828.718863	0.9992045325167132	2457828.718863	0.9991324845050528	0.0005770087532201103	-7.204801166060816e-05
2457828.719055	0.9992080234180938	2457828.719055	0.9987186542817807	0.0005769675252597242	-0.0004893691363129227
2457828.7192470003	0.9992116148436356	2457828.7192470003	0.9987319190960208	0.0005771211791733567	-0.0004796957476147501
2457828.719439	0.9992153113920456	2457828.719439	0.99957040300365	0.0005776154486328436	0.0003550916116044079
2457828.719632	0.9992191382034972	2457828.719632	0.9996258353975798	0.0005776335326912165	0.00040669719408270577
2457828.719823	0.9992230402575836	2457828.719823	0.9998440273005852	0.0005779349928922466	0.0006209870430013975
2457828.720017	0.9992271265201864	2457828.720017	0.9996542899612412	0.0005780527238140361	0.0004271634410548675
2457828.720403	0.9992356515583272	2457828.720403	0.9996449634228528	0.0005785998680115714	0.000409311864525419
2457828.720595	0.9992401020372794	2457828.720595	0.999645663035658	0.0005793814460758182	0.000405560998378629
2457828.720787	0.9992447027411708	2457828.720787	1.000045274111668	0.0005791812913196627	0.0008005713704970496
2457828.720979	0.9992494626274978	2457828.720979	1.0000983872000344	0.0005793550923872394	0.0008489245725364912
2457828.7211700003	0.9992543654390029	2457828.7211700003	0.9989400897968982	0.0005795916869622312	-0.00031427564210484427
2457828.721363	0.9992595004498102	2457828.721363	0.9998819204354384	0.0005797180589665571	0.0006224199856282864
2457828.721555	0.9992648013990882	2457828.721555	0.9998496849733473	0.0005798070649385952	0.0005848835742590097
2457828.721747	0.9992703079773652	2457828.721747	0.9981980169031742	0.0005793995737235237	-0.0010722910741909342
2457828.721938	0.9992760048980476	2457828.721938	0.999553118470765	0.0005800611857949707	0.0002771135727174245
2457828.722132	0.9992820323704834	2457828.722132	0.9996247652522394	0.0005806726935334006	0.0003427328817560138
2457828.722324	0.9992882565762148	2457828.722324	0.9994870478114868	0.0005806007301895281	0.000198791235271778
2457828.72271	0.9993016437171808	2457828.72271	0.998365406099662	0.0005800640160189622	-0.0009362376175188203
2457828.722902	0.9993087941281736	2457828.722902	0.9992540769170816	0.0005805938208331137	-5.471721109229222e-05
2457828.723094	0.9993163175282336	2457828.723094	0.9987727864161168	0.0005804776538250768	-0.0005435311121169129
2457828.723287	0.9993243000066372	2457828.723287	0.9988029183666832	0.000580635719523929	-0.0005213816399537441
2457828.723481	0.9993328028082	2457828.723481	1.0003677266135154	0.0005812986517072341	0.0010349238053152243
2457828.723673	0.999341758201647	2457828.723673	0.9998191986211769	0.0005814146469738654	0.0004774404195297953
2457828.723865	0.9993513366026392	2457828.723865	0.9988814067476804	0.0005814847231683653	-0.0004699298549586394
2457828.7240580004	0.9993617054784762	2457828.7240580004	1.0000738177363362	0.0005818568472981885	0.0007121122578599426
2457828.724249	0.9993728479216925	2457828.724249	0.9982459905045392	0.0005812881897089004	-0.0011268574171532375
2457828.724441	0.9993851485450824	2457828.724441	0.9985208969792092	0.0005816315402290298	-0.0008642515658734418
2457828.7246330003	0.999398922138161	2457828.7246330003	0.9981976689295626	0.0005815129614911331	-0.0012012532085983185
2457828.724826	0.9994152075470771	2457828.724826	0.9982292503596925	0.0005819215107766085	-0.0011859571873845676
2457828.725019	0.9994549014115964	2457828.725019	0.9987032406500024	0.0005821593168929659	-0.0007516607615940528
2457828.725214	0.9995106418473788	2457828.725214	0.9996906867825356	0.0005825597756632823	0.0001800449351567757
2457828.725407	0.9995733129333292	2457828.725407	0.9994548295428046	0.0005829910291392196	-0.00011848339052467073
2457828.725599	0.9996393736383282	2457828.725599	0.9988423781101848	0.0005828726490536164	-0.000796995528143496
2457828.7259830004	0.9997724076652604	2457828.7259830004	0.9994622763494648	0.0005833677303939482	-0.0003101313157958252
2457828.726175	0.9998350318787363	2457828.726175	1.0000322581888816	0.0005836347094009456	0.0001972263101451821
2457828.726367	0.9998922382679132	2457828.726367	0.9998915239141292	0.0005840044712836669	-7.143537839038315e-07
2457828.72656	0.999941857992016	2457828.72656	1.0005960937208966	0.0005848497759446924	0.0006542357288806809
2457828.726753	0.9999802753571856	2457828.726753	0.9999416458331086	0.0005853177242360308	-3.862952407707176e-05
2457828.726945	1.0	2457828.726945	0.9999105160620604	0.0005851100866602916	-8.948393793950515e-05
2457828.727139	1.0	2457828.727139	0.9994592499097348	0.000584922238902592	-0.0005407500902651076
2457828.727331	1.0	2457828.727331	0.9991778007080258	0.0005851337046355032	-0.000822199291974246
2457828.727523	1.0	2457828.727523	1.0006204769275606	0.0005856498929516367	0.0006204769275607314
2457828.727715	1.0	2457828.727715	0.9994117449314878	0.0005849793465641106	-0.0005882550685122334
2457828.7279080003	1.0	2457828.7279080003	1.0001842473763278	0.0005854117701667117	0.00018424737632793955
2457828.728099	1.0	2457828.728099	0.9992938389632088	0.0005856852496243296	-0.0007061610367912198
2457828.7282970003	1.0	2457828.7282970003	0.9995422858749886	0.0005859735644285144	-0.0004577141250113881
2457828.728489	1.0	2457828.728489	1.0015169804071256	0.000586488579605759	0.0015169804071254456
2457828.728681	1.0	2457828.728681	1.0002979278358468	0.0005861291952756737	0.00029792783584670085
2457828.728872	1.0	2457828.728872	0.9994279867887804	0.0005859564526728489	-0.0005720132112196907
2457828.729066	1.0	2457828.729066	0.9999664726535844	0.0005863986459518449	-3.352734641570709e-05
2457828.729257	1.0	2457828.729257	1.0003569488491446	0.0005866001991367043	0.00035694884914472263
2457828.729449	1.0	2457828.729449	1.0000770457183934	0.0005866864265037291	7.704571839350915e-05
2457828.729641	1.0	2457828.729641	1.000471329015692	0.000587071006011121	0.00047132901569213464
2457828.7298330003	1.0	2457828.7298330003	1.0003250175280225	0.000587138565255906	0.0003250175280221645
2457828.730025	1.0	2457828.730025	0.9995917416749492	0.0005870222789229681	-0.00040825832505086984
2457828.730217	1.0	2457828.730217	1.0007817517041993	0.0005873350948636347	0.0007817517041990296
2457828.730419	1.0	2457828.730419	0.9994498862694676	0.0005870939689925278	-0.0005501137305324866
2457828.730611	1.0	2457828.730611	0.9995428998141956	0.0005874277797213249	-0.00045710018580435996
2457828.730804	1.0	2457828.730804	0.9988091411791084	0.0005871903635935419	-0.0011908588208915385
2457828.730996	1.0	2457828.730996	1.0003847782703876	0.0005883678725754155	0.0003847782703876312
2457828.731188	1.0	2457828.731188	1.0006784763028198	0.0005889804391490138	0.0006784763028198082
2457828.7313860003	1.0	2457828.7313860003	0.9996614039149556	0.0005889031369839175	-0.00033859608504427374
2457828.731578	1.0	2457828.731578	1.0005808954955544	0.0005891833022987795	0.00058089549555429
2457828.731769	1.0	2457828.731769	0.9987495750604852	0.0005888400520429356	-0.0012504249395148823
2457828.731962	1.0	2457828.731962	0.9990386487828924	0.0005888740607897238	-0.0009613512171077199
2457828.732154	1.0	2457828.732154	0.9994390803193158	0.0005892757608479256	-0.0005609196806841689
2457828.732346	1.0	2457828.732346	0.9991139294874144	0.0005890490594572256	-0.0008860705125854906
2457828.732538	1.0	2457828.732538	1.0008822021330757	0.0005898438190454807	0.0008822021330757713
2457828.73273	1.0	2457828.73273	0.9998395601349892	0.0005897418189287994	-0.0001604398650106864
2457828.732923	1.0	2457828.732923	0.999790513416798	0.00059000658261848	-0.00020948658320185665
2457828.733115	1.0	2457828.733115	0.9988014972209859	0.0005900797289711854	-0.00119850277901401
2457828.733312	1.0	2457828.733312	1.000451122309744	0.0005909512653323009	0.0004511223097440896
2457828.733505	1.0	2457828.733505	0.9996256782259462	0.0005906973235650874	-0.0003743217740538318
2457828.733696	1.0	2457828.733696	1.0001181191852828	0.0005913280874412139	0.00011811918528292775
2457828.733892	1.0	2457828.733892	0.9999517946814768	0.0005915384745432298	-4.820531852312016e-05
2457828.734083	1.0	2457828.734083	0.9993516504186268	0.0005914903194235607	-0.0006483495813732754
2457828.734276	1.0	2457828.734276	0.9993558464763872	0.0005915078238143488	-0.0006441535236126894
2457828.734468	1.0	2457828.734468	0.9994952370143784	0.0005916055162001759	-0.0005047629856217428
2457828.734661	1.0	2457828.734661	0.9997118946947766	0.0005920024787685307	-0.00028810530522338507
2457828.734853	1.0	2457828.734853	0.9995313357892188	0.0005921791865859758	-0.0004686642107810668
2457828.735431	1.0	2457828.735431	0.9994783759953064	0.0005931693207359121	-0.0005216240046934661
2457828.735623	1.0	2457828.735623	1.000432873698516	0.0005935436602604519	0.00043287369851585655
2457828.735814	1.0	2457828.735814	0.99985844482519	0.0005935337014903676	-0.00014155517480995972
2457828.736007	1.0	2457828.736007	1.0007191632562702	0.0005940626936114253	0.0007191632562701943
2457828.736198	1.0	2457828.736198	0.9996524714337838	0.0005937813418557084	-0.00034752856621622635
2457828.73639	1.0	2457828.73639	1.0003793863774266	0.0005942828331490347	0.00037938637742673814
2457828.736582	1.0	2457828.736582	0.9992194607127894	0.0005939973608222786	-0.0007805392872105578
2457828.736775	1.0	2457828.736775	1.0009881246856995	0.0005948106689825407	0.0009881246856996428
2457828.736969	1.0	2457828.736969	0.9997180263978149	0.0005948164465107657	-0.00028197360218495954
2457828.73716	1.0	2457828.73716	1.0001963007541048	0.0005950755675379846	0.0001963007541049277
2457828.737353	1.0	2457828.737353	0.9996083438623672	0.0005952088186418105	-0.00039165613763270096
2457828.737545	1.0	2457828.737545	1.0004470509606034	0.0005959253449906579	0.000447050960603379
2457828.737739	1.0	2457828.737739	1.000945042415488	0.0005962496247152928	0.0009450424154880953
2457828.737931	1.0	2457828.737931	1.00069188529608	0.0005962676482269029	0.0006918852960799969
2457828.738126	1.0	2457828.738126	1.0003356307523843	0.0005964312303801992	0.0003356307523842972
2457828.738318	1.0	2457828.738318	0.9999650777595852	0.0005964988018156394	-3.4922240414791965e-05
2457828.73851	1.0	2457828.73851	0.9992456347394189	0.0005964876069595349	-0.0007543652605812579
2457828.738702	1.0	2457828.738702	0.9993234141676732	0.0005970135056284974	-0.0006765858323268813
2457828.738894	1.0	2457828.738894	0.9990235537330321	0.0005973026735617571	-0.0009764462669680231
2457828.739086	1.0	2457828.739086	1.0001212818953051	0.0005978571034077	0.0001212818953049144
2457828.739278	1.0	2457828.739278	0.9995540571104156	0.0005980491798211598	-0.00044594288958432765
2457828.73947	1.0	2457828.73947	1.0003440917680058	0.0005987772922095531	0.000344091768005872
2457828.739664	1.0	2457828.739664	1.0008891657916763	0.0005991106343006493	0.0008891657916764162
2457828.739856	1.0	2457828.739856	1.0012013762813767	0.0005990697206190709	0.0012013762813766204
2457828.740048	1.0	2457828.740048	1.000536482944659	0.0005991035414488418	0.0005364829446590225
2457828.740242	1.0	2457828.740242	1.0000722847350392	0.0005992569290851459	7.228473503917421e-05
2457828.740434	1.0	2457828.740434	0.999816924034183	0.0005994714964523022	-0.0001830759658170145
2457828.740625	1.0	2457828.740625	1.0005398226716438	0.0005998540687588543	0.0005398226716436527
2457828.740823	1.0	2457828.740823	0.999306340225078	0.0005998231572112743	-0.0006936597749220841
2457828.7410150003	1.0	2457828.7410150003	1.00041955096897	0.0006006359417056749	0.0004195509689698396
2457828.741207	1.0	2457828.741207	0.9990927744183796	0.0006006831323949809	-0.0009072255816202637
2457828.741398	1.0	2457828.741398	0.9983923321683134	0.000601095176060568	-0.001607667831686643
2457828.74159	1.0	2457828.74159	0.9983320440879798	0.0006016877607762441	-0.0016679559120201806
2457828.741979	1.0	2457828.741979	1.0007173180828486	0.0006026749898642031	0.0007173180828485838
2457828.742171	1.0	2457828.742171	1.0006195812783854	0.0006029582592799949	0.0006195812783853505
2457828.7423630003	1.0	2457828.7423630003	1.0000945311812528	0.0006028158989447342	9.453118125268832e-05
2457828.742556	1.0	2457828.742556	0.9995379854721804	0.0006027296482202867	-0.00046201452781957636
2457828.742748	1.0	2457828.742748	1.0005306527319449	0.0006035786371522274	0.0005306527319451915
2457828.742948	1.0	2457828.742948	1.000743388076314	0.0006036009492107545	0.0007433880763141332
2457828.7431400004	1.0	2457828.7431400004	0.9999308165034101	0.0006034236594808789	-6.918349659001954e-05
2457828.743332	1.0	2457828.743332	0.9991110421184636	0.0006031851140331179	-0.0008889578815363119
2457828.743524	1.0	2457828.743524	0.99944034186382	0.0006034201513050796	-0.0005596581361798637
2457828.743716	1.0	2457828.743716	1.0004521883702129	0.000603726637163629	0.0004521883702126584
2457828.74391	1.0	2457828.74391	0.999894964136372	0.0006036390405894593	-0.000105035863627978
2457828.7441020003	1.0	2457828.7441020003	1.0004658366544743	0.0006040561511914037	0.0004658366544741943
2457828.744295	1.0	2457828.744295	1.0004101859443446	0.0006041508403127492	0.0004101859443447209
2457828.744488	1.0	2457828.744488	1.0007134771205195	0.0006045591695384719	0.0007134771205198343
2457828.74468	1.0	2457828.74468	0.9999067367598772	0.0006044439945491211	-9.326324012270959e-05
2457828.744873	1.0	2457828.744873	0.9999685066297256	0.0006047619335578701	-3.149337027452681e-05
2457828.7450650004	1.0	2457828.7450650004	0.9995925902240324	0.0006051191025963451	-0.00040740977596764866
2457828.745257	1.0	2457828.745257	1.000647890581776	0.0006058374453662126	0.000647890581775945
2457828.745448	1.0	2457828.745448	0.9998194293990662	0.0006056343433569866	-0.00018057060093379373
2457828.745642	1.0	2457828.745642	1.0000770296314825	0.0006062811576819679	7.702963148259466e-05
2457828.745834	1.0	2457828.745834	0.9994220829271272	0.0006064406159065639	-0.0005779170728726912
2457828.746026	1.0	2457828.746026	1.0001108012479545	0.0006070261116707161	0.00011080124795448398
2457828.746219	1.0	2457828.746219	0.999250689267894	0.0006065962231898437	-0.0007493107321059345
2457828.746411	1.0	2457828.746411	1.0007195954789732	0.0006069387156508728	0.0007195954789732673
2457828.746602	1.0	2457828.746602	0.9992972915761266	0.000606719573850071	-0.0007027084238734327
2457828.746794	1.0	2457828.746794	0.9998385750767818	0.0006073266098639582	-0.0001614249232182452
2457828.746987	1.0	2457828.746987	1.0007467166125514	0.0006080182473360388	0.0007467166125513236
2457828.74718	1.0	2457828.74718	1.0000567440235657	0.0006081330471993732	5.6744023565591384e-05
2457828.747373	1.0	2457828.747373	0.9999549608695184	0.0006084840535542262	-4.503913048159447e-05
2457828.7475650003	1.0	2457828.7475650003	1.0003594244742708	0.0006092683992943361	0.00035942447427117497
2457828.747766	1.0	2457828.747766	0.9998009760259092	0.0006097261363215745	-0.00019902397409066183
2457828.747957	1.0	2457828.747957	0.9998132209180001	0.0006104005771607104	-0.00018677908200004367
2457828.748149	1.0	2457828.748149	1.000116188988306	0.0006106749040544783	0.0001161889883057876
2457828.748341	1.0	2457828.748341	1.000044684861547	0.0006107711992032954	4.468486154696194e-05
2457828.748533	1.0	2457828.748533	1.000034798625714	0.0006111555270344654	3.479862571376113e-05
2457828.748724	1.0	2457828.748724	1.0002890021651454	0.0006114230254011387	0.00028900216514537996
2457828.748916	1.0	2457828.748916	0.99970369286585	0.00061130623450235	-0.00029630713414985355
2457828.749108	1.0	2457828.749108	1.000389245216439	0.0006117697504720158	0.0003892452164386828
2457828.7493	1.0	2457828.7493	0.9992985959468595	0.0006119285308765028	-0.0007014040531404532
2457828.749492	1.0	2457828.749492	1.0002879195492724	0.000612864933298642	0.0002879195492724307
2457828.749684	1.0	2457828.749684	1.0009892496867931	0.0006134847256791903	0.0009892496867931477
2457828.749877	1.0	2457828.749877	1.0005949034154205	0.0006134480385703275	0.0005949034154204558
2457828.750069	1.0	2457828.750069	1.0003288584940369	0.0006133325373431624	0.00032885849403674333
2457828.750261	1.0	2457828.750261	0.9993062563605548	0.0006132866712350264	-0.0006937436394451879
2457828.750454	1.0	2457828.750454	1.000095555239973	0.0006137686772056843	9.555523997306636e-05
2457828.750646	1.0	2457828.750646	1.0000943281074206	0.0006140392102296751	9.432810742060482e-05
2457828.7508380003	1.0	2457828.7508380003	0.9997944276503884	0.0006140604307052767	-0.00020557234961171567
2457828.751029	1.0	2457828.751029	0.9998844580082022	0.0006147061758565263	-0.00011554199179775183
2457828.751221	1.0	2457828.751221	1.000371770808683	0.0006153565984746303	0.0003717708086828919
2457828.7514150003	1.0	2457828.7514150003	0.9998012922409228	0.0006156523869053343	-0.00019870775907726568
2457828.751613	1.0	2457828.751613	1.0004784317797224	0.0006177282221789103	0.00047843177972228807
2457828.751806	1.0	2457828.751806	1.0006604823777674	0.0006191997663710245	0.0006604823777673907
2457828.751997	1.0	2457828.751997	1.0007533496020415	0.0006191595247768921	0.000753349602041431
2457828.752189	1.0	2457828.752189	0.9994108117119092	0.0006185172108831112	-0.0005891882880908472
2457828.752381	1.0	2457828.752381	1.0006427473873716	0.0006190757591597722	0.0006427473873715782
2457828.752573	1.0	2457828.752573	1.0005015760794214	0.0006200929146762165	0.0005015760794212509
2457828.752764	1.0	2457828.752764	0.9998670574574616	0.0006219622260943402	-0.00013294254253848334
2457828.752956	1.0	2457828.752956	1.0005302306832822	0.0006231388582942287	0.0005302306832822845
2457828.753148	1.0	2457828.753148	1.0000773617074303	0.0006232046669559807	7.736170743033455e-05
2457828.7533400003	1.0	2457828.7533400003	0.9997480165964062	0.0006231964510699931	-0.0002519834035937807
2457828.753532	1.0	2457828.753532	1.0004169594042218	0.0006230290871145621	0.0004169594042219282
2457828.753724	1.0	2457828.753724	1.001049234002242	0.0006235518470469965	0.0010492340022418831
2457828.753916	1.0	2457828.753916	0.9999549787184692	0.0006219412137134612	-4.5021281530832624e-05
2457828.754108	1.0	2457828.754108	1.0006124896182411	0.0006219220471920626	0.0006124896182413407
2457828.7542990004	1.0	2457828.7542990004	1.0000002929642853	0.0006215342256501696	2.929642852755876e-07
2457828.754684	1.0	2457828.754684	0.9998306671782587	0.0006214754592350668	-0.00016933282174125264
2457828.754876	1.0	2457828.754876	1.0004539273169684	0.0006218972669866795	0.00045392731696836114
2457828.755068	1.0	2457828.755068	1.0002505864612072	0.000621920872534676	0.0002505864612073472
2457828.755261	1.0	2457828.755261	0.9999416421923332	0.0006222712398159411	-5.835780766683119e-05
2457828.755454	1.0	2457828.755454	0.9998429776757708	0.0006225005728970664	-0.00015702232422931672
2457828.755646	1.0	2457828.755646	1.0007960366165554	0.0006234156546395637	0.0007960366165554732
2457828.755838	1.0	2457828.755838	0.9996248686445506	0.0006235743717705477	-0.0003751313554494207
2457828.75603	1.0	2457828.75603	1.00012600489266	0.0006241013243865171	0.00012600489266012538
2457828.7562220003	1.0	2457828.7562220003	0.999294726993062	0.0006245237172117681	-0.000705273006938123
2457828.756414	1.0	2457828.756414	0.9995053755615702	0.0006251125352837427	-0.0004946244384298469
2457828.756607	1.0	2457828.756607	0.9990368724263564	0.0006257036275092081	-0.0009631275736436963
2457828.7567990003	1.0	2457828.7567990003	1.0021360124564171	0.0006270038912939174	0.0021360124564171468
2457828.756991	1.0	2457828.756991	0.9995613797599091	0.0006270114483224955	-0.0004386202400910033
2457828.757183	1.0	2457828.757183	0.9993917802154788	0.0006280931609929108	-0.0006082197845213022
2457828.757375	1.0	2457828.757375	1.0007036725002272	0.0006296275232830673	0.0007036725002271815
2457828.757568	1.0	2457828.757568	0.9996326362783068	0.0006294357251895139	-0.0003673637216933257
2457828.757759	1.0	2457828.757759	1.0003379042255178	0.0006300245550623473	0.00033790422551771565
2457828.757951	1.0	2457828.757951	1.0002664909056078	0.0006306695431861572	0.00026649090560770805
2457828.758143	1.0	2457828.758143	0.9998916584015916	0.0006310343068974751	-0.0001083415984084457
2457828.758335	1.0	2457828.758335	1.0003822301766796	0.0006316871466312692	0.00038223017667959885
2457828.758529	1.0	2457828.758529	1.0004094796028329	0.0006315473919046279	0.0004094796028331072
2457828.758915	1.0	2457828.758915	1.0018135912063295	0.0006327184836604668	0.0018135912063296233
2457828.759106	1.0	2457828.759106	0.9999895664362912	0.0006323761842929621	-1.0433563708778236e-05
2457828.759306	1.0	2457828.759306	0.9992781667162997	0.000632871971733665	-0.0007218332837003459
2457828.759498	1.0	2457828.759498	0.9994449426065884	0.0006332643316368513	-0.000555057393411551
2457828.75969	1.0	2457828.75969	1.000832718260325	0.0006341810331700363	0.0008327182603248272
2457828.759882	1.0	2457828.759882	0.9999721314862764	0.0006343104625272106	-2.786851372349464e-05
2457828.7600740003	1.0	2457828.7600740003	1.0003755821587148	0.0006352372149634565	0.00037558215871491546
2457828.760266	1.0	2457828.760266	0.998527102173572	0.0006351725803210227	-0.0014728978264281214
2457828.760457	1.0	2457828.760457	0.9997058002166171	0.0006362084113099756	-0.00029419978338274255
